130
179
445
73
405
277
209
327
120
22
327
13
453
304
348
172
369
351
336
294
232
169
304
484
16
302
198
353
396
451
246
336
466
84
216
406
134
254
449
268
25
219
242
341
408
343
304
177
315
277
348
376
372
250
395
443
112
379
400
486
68
449
242
13
490
350
412
473
176
421
9
497
45
52
457
293
42
228
390
122
196
63
206
242
161
297
135
452
196
74
458
76
272
111
409
488
248
302
138
173
142
484
302
357
188
228
49
424
411
378
48
423
43
308
43
334
327
221
67
437
306
228
66
353
431
358
422
243
88
359
184
499
29
439
205
369
179
292
252
121
384
181
320
136
68
496
242
456
215
162
346
43
109
496
409
417
475
137
144
210
311
368
106
176
416
403
200
471
328
125
352
50
223
50
356
64
92
60
237
310
147
95
30
326
332
466
468
104
182
165
436
101
17
54
170
196
36
84
55
263
343
480
286
386
33
383
339
312
44
460
234
269
237
214
43
242
246
479
264
120
457
122
323
403
192
345
466
459
438
372
338
251
357
107
286
438
312
438
307
268
404
498
20
11
125
476
407
327
58
132
48
257
208
316
497
318
400
411
167
413
114
301
110
215
94
341
82
218
406
88
348
161
106
209
381
238
192
460
499
24
355
245
46
403
87
183
386
49
44
71
125
445
376
15
417
368
49
52
69
9
346
158
356
306
10
464
215
178
103
116
202
1
207
349
186
265
171
359
454
496
189
389
487
20
494
109
93
482
32
4
190
420
218
159
72
66
392
430
217
48
190
315
310
104
239
190
427
137
277
336
344
351
348
15
198
91
301
88
211
374
462
364
92
472
210
413
64
354
83
207
240
199
260
38
285
211
363
119
332
205
104
123
376
273
313
317
361
118
379
498
230
390
33
187
269
268
398
65
109
371
436
431
24
113
286
246
360
333
247
289
174
22
414
3
53
257
462
399
252
80
312
36
275
284
268
244
240
164
18
449
487
142
247
162
498
320
138
296
236
171
148
460
494
295
494
233
475
294
419
212
5
314
344
479
13
367
129
181
133
372
366
460
271
292
196
359
214
440
433
78
466
393
101
214
428
79
32
138
439
98
356
197
111
14
20
262
247
68
375
44
265
477
369
273
311
168
194
150
324
139
331
255
186
410
108
312
466
267
216
457
444
192
37
101
53
371
293
216
137
361
167
68
61
403
356
499
123
75
373
105
112
126
491
218
252
107
423
487
339
308
174
4
129
463
74
98
184
44
88
68
240
176
481
159
203
134
217
155
268
157
20
489
405
111
108
165
220
241
248
226
34
218
169
380
63
275
294
325
29
177
57
